u/lambda       |1                   x+1                 du/dx+1             (du/dx)^2+4         e^(du/dx)           
----------------------------------------------------------------------------------------------------------------
x+t            |2.600320e-16(0)     4.175215e-16(0)     2.366327e-16(0)    1.216188e-16(0)   6.476377e-16(0)   
x^2+t          |1.219875e-03(0)     1.219875e-03(0)     1.219875e-03(0)    7.812179e-04(6)   5.372668e-04(8)   
x+t^2          |9.043575e-03(0)     5.597677e-02(0)     9.054627e-03(16)   2.263106e-03(6)   9.048300e-03(15)  
x^3+t          |2.249711e-03(0)     1.645007e-03(0)     1.916979e-03(12)   2.808308e-03(7)   8.263455e-03(11)  
x^4+t          |2.960885e-03(0)     3.092341e-03(0)     6.977374e-03(14)   1.037315e-02(8)   2.653010e-02(13)  
e^x+sin(t)     |9.128907e-04(0)     6.944698e-04(0)     3.012386e-04(11)   2.945724e-04(11)  5.421621e-04(12)  


u/lambda       |1                   x+1                 du/dx+1             (du/dx)^2+4         e^(du/dx)           
----------------------------------------------------------------------------------------------------------------
x+t            |4.275234e-16(0)     1.895293e-16(0)     2.366327e-16(0)     4.897222e-16(0)     4.124295e-16(0)     
x^2+t          |1.219875e-03(0)     1.219875e-03(0)     1.219875e-03(0)     7.812179e-04(228)   -nan(ind)(5000)     
x+t^2          |9.043575e-03(56)    5.597677e-02(194)   9.054627e-03(16)    2.263106e-03(28)    9.048300e-03(31)    
x^3+t          |2.249711e-03(0)     1.645007e-03(316)   1.916979e-03(12)    2.808308e-03(774)   -nan(ind)(5000)     
x^4+t          |2.960885e-03(644)   3.092341e-03(394)   6.977374e-03(12)    7.037746e-01(5000)  -nan(ind)(5000)     
e^x+sin(t)     |9.128907e-04(594)   6.944698e-04(357)   3.012386e-04(11)    2.945724e-04(924)   -nan(ind)(5000)     


u/lambda       |1                   x+1                 du/dx+1             (du/dx)^2+4         e^(du/dx)           
----------------------------------------------------------------------------------------------------------------
x+t            |6.449436e-01(5000)  6.449436e-01(5000)  6.449436e-01(5000)  6.449436e-01(5000)  6.449436e-01(5000)  
x^2+t          |3.009232e+01(5000)  3.009230e+01(5000)  3.009230e+01(5000)  3.009230e+01(5000)  3.009095e+01(5000)  
x+t^2          |6.664359e+01(5000)  6.664359e+01(5000)  6.664359e+01(5000)  6.664359e+01(5000)  6.664359e+01(5000)  
x^3+t          |4.810204e+01(5000)  4.810204e+01(5000)  4.810204e+01(5000)  4.810204e+01(5000)  4.810204e+01(5000)  
x^4+t          |5.114434e+01(5000)  5.114434e+01(5000)  5.114434e+01(5000)  5.114434e+01(5000)  5.114434e+01(5000)  
e^x+sin(t)     |3.178146e-01(5000)  3.178318e-01(5000)  3.178318e-01(5000)  3.178146e-01(5000)  3.178318e-01(5000)  


u/lambda       |1                   x+1                 du/dx+1             (du/dx)^2+4         e^(du/dx)           
----------------------------------------------------------------------------------------------------------------
x+t            |4.275234e-16(0)     1.895293e-16(0)     2.366327e-16(0)     4.897222e-16(0)     4.124295e-16(0)     
x^2+t          |1.219875e-03(0)     1.219875e-03(0)     1.219875e-03(0)     7.812179e-04(236)   -nan(ind)(5000)     
x+t^2          |9.043575e-03(56)    5.597677e-02(195)   9.054627e-03(16)    2.263106e-03(28)    9.048300e-03(31)    
x^3+t          |2.249711e-03(0)     1.645007e-03(328)   1.916979e-03(12)    2.808308e-03(789)   -nan(ind)(5000)     
x^4+t          |2.960885e-03(686)   3.092341e-03(418)   6.977374e-03(14)    7.037746e-01(5000)  -nan(ind)(5000)     
e^x+sin(t)     |9.128907e-04(586)   6.944698e-04(351)   3.012386e-04(11)    2.945724e-04(930)   -nan(ind)(5000)     


